72
2
2324
4818
3016
84
1
3721
8162
1
7098
6561
1
1
1902
4864
2807
6168
4831
1
9176
1
1
4001
4140
29
7441
4861
2
7102
55
50
36
3886
3
23
5584
13
3476
5770
3667
5319
8100
1
2594
5852
6324
5660
2617
1
2274
5764
5711
1
1
7084
5525
3
8340
4381
2
8117
4095
40
34
3
6907
3200
5447
7621
6399
3385
9389
5
1
6178
5213
3
1
3
5907
3878
1
4099
7509
5
5328
3
3435
3947
6679
50
7
20
2
7918
27
56
5831
5089
3891
23
1206
6488
2524
6670
2398
287
2611
8231
7622
2
5
5882
1
2
6759
6702
3672
5232
6576
3047
5484
1
2823
4900
2
5946
8
293
10
6
2955
5
5255
5659
3409
6048
3567
6168
213
7083
3
40
68
39
12
12
27
6475
2
7589
45
39
5
5480
27
76
7484
3091
5025
2
10090
6190
5321
9324
3868
1907
4298
8542
6187
35
53
2083
2
28
47
42
3152
6380
34
6
4301
4
4477
5426
3742
688
8016
6673
5270
5657
41
61
37
35
37
6
46
5966
