48
1
4
6833
2
10
2579
2907
1
1060
27
47
54
21
46
44
4954
35
42
6425
43
79
2
33
47
2070
4058
1759
4770
4414
4240
8719
26
6405
38
4392
51
1
24
60
30
25
27
34
38
33
6
2
43
1
7271
1
6053
6732
0
6559
34
4983
1
6153
6833
2
4225
6586
6876
4346
1
3877
1
7043
1
8893
47
4
39
81
5233
40
32
3934
1
40
5442
6914
8042
30
13
6008
61
5059
7
37
5579
40
51
7153
7397
4301
0
6776
2
7052
178
7378
5186
43
57
49
41
4514
50
46
66
39
7546
4058
4225
6071
44
4954
7457
6305
3864
41
6529
4291
5958
6270
3884
3991
3
7045
5342
8954
6639
5658
1
1
4204
6109
3049
5721
7312
7353
6473
6243
2
54
64
15
22
592
3088
4945
4967
4787
9591
3763
62
8367
4
49
14
2
5361
6383
39
47
29
1
17
54
6626
8495
37
27
6469
7463
50
20
3
56
5426
5801
6041
1
7866
4237
5888
6226
6448
4239
7881
6395
7588
2974
1321
6087
1
6897
