24
92
11
2
56
6
37
79
5742
809
4
7416
3
5801
4
7389
839
2
15
20
60
30
39
9244
49
6885
14
2
4
27
3
30
45
202
9
1
4346
1
1
5138
4
3508
5308
2
6472
5362
2
5369
3482
2
3854
8245
5021
3432
5317
1
5557
5166
10
0
5080
6965
1560
33
42
52
2657
7204
66
3
2
22
3692
4
40
54
17
58
38
1
5405
42
3
6
1
42
6
59
37
9
4612
47
27
442
7471
1036
5835
55
3
11841
28
56
4
16
1
34
23
13
3
7367
0
1
3405
21
5312
45
31
3
2
35
1584
6303
5
17
4217
12
39
34
18
29
74
91
4621
6929
3
1879
6944
9
4
8641
64
4394
1690
538
24
43
23
22
7721
33
3691
16
68
1389
5910
4
15
6335
6116
6677
50
1
8
3155
46
3497
2
7556
40
1403
2671
2
44
4
5984
8446
8
2
6238
2
39
6531
7791
7542
6893
5415
1
5500
5453
1
6356
4527
28
5526
1
3135
2425
6808
1
2
